[[ 484.9734361   522.93324529  482.38642379 ...  414.39856579
   507.78328293  414.6279121 ]
 [-318.38613672   22.51343355 -288.32027779 ...   22.28325211
  -454.23176904   20.57356693]
 [ 120.47425969  160.41066903  118.68385654 ...   97.05319056
   197.90202039   96.62236467]
 ...
 [ 271.42782253  215.10210438  273.43240973 ...  287.09367188
   391.66487947  282.46616714]
 [-121.69212734  609.44499747 -113.42626219 ...  520.1140208
   114.90215324  525.27483179]
 [  10.49582442 -151.35609406    4.77692423 ... -115.6992508
  -138.60804114 -116.22833944]]
Time: 0:01:47.280470